"Name da Marca","Id","","",""
"BMW","a03Dn0000025FwHIAU","","",""
"Harley-Davidson","a03Dn0000025FwIIAU","","",""
"Honda","a03Dn0000025FwJIAU","","",""
"Yamaha","a03Dn0000025FwKIAU","","",""
"Suzuki","a03Dn0000025FwLIAU","","",""
